>> n = 5;
>> G = 10*rand(5);
>> A = G*G'

A =

  114.8258  100.1373   99.4403  163.8907  131.6661
  100.1373  201.9229  161.2894  193.2571  204.7168
   99.4403  161.2894  279.0966  262.2748  282.8958
  163.8907  193.2571  262.2748  348.6600  328.3957
  131.6661  204.7168  282.8958  328.3957  335.2644

>> b = 30*rand(5, 1)

b =

   22.7322
   22.2940
   11.7668
   19.6643
    5.1356

>> [x] = LUDecomposition(A,b,n)

x =

  -52.3508
   25.8180
   25.0521
   88.9812
 -103.4872

>> A\b

ans =

  -52.3508
   25.8180
   25.0521
   88.9812
 -103.4872

>> e1 = euclideanNorm(A*x-b)

e1 =

   3.9951e-12